$ANSIBLE_VAULT;1.1;AES256
37663937353063313938663162643466343131353562356532656562343738383332656466336164
6638643931383636303133356330326335633764343363620a393662633231653963386264313730
33663339323464633666363830646264383365303864656330626132373433376262326633376333
6538636563306539390a343563656135643038633963613830336435613466396131656535373134
34343963613831653137333137346465653937356138613835633063366261376538626661396634
61663261666330356434613833376436623235653930393930343030373231646261623832383734
36623238653134353564666235303863616464343835326465366136323530653535656339313539
63663562396465306637356431376536326638373937336265636437346230373732323661343532
64393030393465666364663664626164356361633463353263663538646162373539383436646366
31666561343036373338663865356339643438376130643535653263356164396232373531306433
33613839366433633365383561326436326464313639316334303438393034666361363530356635
62333339343735626566346338363434393663313964313762323739646238616163346437346638
35396535323563306164336233396538646234643665653239336664656538353930636662386432
62333531366562353863663464633830383036383865646634626136396661316637653034346633
33616239376435303266636434313464623430343836393233356330333032333933396363633961
32353939356537663433636162393036623834356430313736343664353565393331316264616237
64626564393062663362376436656530356237663461656539373438623661626339623836313763
36353936366331356664653632626564313565386166656136373738323937373836663864316365
62303765636235346133613439383230363637366564303539666431663131333561346263396231
35616465613533653032346235363661616530353634383837396366306530653234633261323433
35383333363237626665386335653230396566623033366263313239323839393832343464323736
30633435666663393366663534393162653431343162376531353665613866306261376565646664
65366466653362663936633562343031623735386230383164653639386133306638343233303134
37363931653539383234316661616135343430366532653535336239346666336561656136363730
31376435663438636234313662623033343834346131663437373030336436366463613336636138
34386361373439303334653163343131306235313631313561353466396332633733643163626336
30306632386162336537346536373366386533396630346139383534343761373431623737613731
62623930643035666264616363623534646634656662336436333039393262336130393364306162
64316435326130343664623266393438633233643530393435653864323330333034373137663266
36636666653636633362386435303139353238393137646139346539666232623137393831376665
34313533653464316561356437616366643564393465393533376439643134383931643239643564
35323733323561623034353763666166313637353433373639346235313963616662623062356438
66613738643539393763653938623336326566326237306237326538613666343165363966356366
62636432646634373530303763653339303666643832366235336362386136383363333364626231
36303035366231633035343739306461306533633666363161383639636665646237313864353566
62663239613133623361623731633539663635633231326137376165323131666336343363363165
39616664373764653038656436656164316661616664383161343539623733616332323363363438
66336634653565323261626565363934373663393837363064346266363139613834346462386539
39366166643237666533613339363639383436303730383532313130326265643563303631386233
62613464386439346337373639363435383231653536336532376132393135666635346532373139
36623830316339343263656561346533333835653939313663343333383165343163333132636562
32323134646465353934333333356133333335313030383034316330636563623131386130646465
30336335396335623836353966363039663137316431323737303266353836663738313362636365
33393061613236313363303535303165346164326565616365323535393738356163363164613139
38376663663632633137666635356562656263643665616330646263373265306534656564646464
33616131616663643131646131623766376131356533393339663661616535356563366562313161
36356362333737306565633461376161333864623366663438643965323536346332633433396130
61643733663735353934643438373334373338396533613838623264626466386537383264356636
34343136356631383661643633633238666433626261313134656636316238393437373037633339
65323066633236626339623839363532346333316236363731613665633334396662623939666162
64636435643036633563333334663665346631313832376132643562626136376138666161656237
66613330356661646165366631386638616361333930616462363133643230326335393439643761
31353764336562306638393831386230653738333664643862666564386666643639306630333864
65356334313062623436356231306639386330613631386430343165306135643739343637633130
62613166306431646638363734383463653634623936326632356231613533356363626235376334
37343931656135663333326430366265633834643734373063303363613065333837343037393365
62396131616530623464636335373461633264373563373964346539636635313137383765366564
34626464653131646138393036376163313964366238626338663534646266303664343031653235
65333765316533393934663933306264306662303433346333306331663861633134666336333832
37333536373834323033373338376630383537393334303762353431613066323036636434666231
65656664346363303161383632633439636131346261663239343266346363383565666136366363
64336636303036356262383564636330666161316330393665393362336162373639313335346230
62323131373533613165663564336466343566396331373563663566343336363762646237326435
30636164376235343963343637326633666631316465643734353433346234383264633961653738
36346338663563313263356239316561353034373866616435626538333634333133646230636464
63663331393537656465613635326166313336306265363762336233336231376137393536666237
65356337333863303539663836353338626538333838323864623933333365656631303030353463
36653036656162656133333538366533303234663761353936333164323830613139613533613262
61376166396230653337623434373361343531636365323930353366363935633561353133616235
34353432633163393939373233316233626337646436343636356638313462326438353361383361
62646531316466306666303366326238396462626130336237303865333236353836376161303565
39346665313563626131323430333262613936656635393436383165313766376236393962393338
35623532323366353230363336326536316262636263353134333964366339653464383230353337
30386535333261623239323933326562646265353962343461623433356162653337646237653366
30623239636362396362646561616661366538383239336263313461326531653834386138353163
65346534356132313331303830393230323266323165616430633530326462323566646639663733
64643164316661613565613663653964316165386265326136303839623536396265623235373235
39666433386335383433323136383761303561313766343938656466396138336338363335666536
38313630376534613962333730303538353465323838643831303262626132316466303335316130
37343334623231333965396337366539633764323134323363366264313062663238353734633064
33656332303537383430646665356233653431313135623730396161386337313035373935366234
66356530623030333665613865626161656439336562666363343661666638326561633335313066
62373134306661396430623038643531653034616630303638623932343830343731393361666632
31646138383363376433386164633938646338303239656264663730363361663838623564646661
61623762343561626132656438386662343363623465303430313931376233383936633430306362
31616136656332616530633335313038313965396133383237396166383864346163323437393064
33313538653739306130663966373262643536356365393539393430383833636264393966323134
65353665306634393333343366613563363565646136323662633632363166613338376436666432
66633064613630343031353062613035356265363832623764353664343534396664323262663335
62653861373732383937623438646361316463653031653131386566623431663035643363656464
66356462363536303862623062623438336135356366373535613836316364313133616432333033
33613731396462316436633536336232623465643632613736396430616435373966613862366339
33376166653162623831313536306135333765376135633230623363306531306635653034353637
35323865326635316430653661613737393632363133653865393264333433613731363562353336
32313262366165623739303839393232623366353866623964613564306138663065396536333232
61613463396637306335376133323565636666653239653462313161393037343130383630636663
62363764383066373166363732346465363861363537373836643162326135376235653030623836
65633137616131643730303538653864313462383265616461663830663231313230383438343434
36373966313361336335666131313734396532616532326631336531646231383938663364373738
30376466666566396531396234313332366534636437306634623162326234643530333930313334
64663864323331646136613938636664346463363135346538346137626365613333623635373737
65373739363264303531613135313138626638373332326532613535323138643834356132353534
30333532393434613164386463633537383033313662616361323763343036336566363765303631
65626232313536373135613330653862306336386531616434623432363835613630623463656463
30303939306533373734386463353938366264366338643263376434653563386133363037313536
32306365393337633236306430356130316461376131303635326537346533323465346564353165
62323564323537643463333537393935356330613465333938666266613136336538653338356533
38396661336262643664316130313166356161313431353234366662393338323530396538373164
32333865623633666437626237613662366137353436393165393837393166656437363636356661
65616539343863323662343030616534303362376535343730326636306630383139303266303964
32393533666439303732393863386330623730356536363337646265616662636438396137386261
33616265363038346538376663323930626230373739313837646533376230633837353963396336
36376138343461396435343163316433346531363936343064313730323532326436383732656564
33336139303739303937656331343363366132663233656261366230346332616134636264643735
36383937373661333530373262613334336534373534616634613062353834323132373263613139
61656133303632386337323137343231636463633538323932303533656239383066646636343666
64643663643062613835666465626363316266373161363466323362333763343563303065313636
38643265343965336531363136346565666531383664653333393466313261313864396234346333
32356232663039643865353464326163373866343962373336326134646463623532653661343634
61313637636535623463636635373036393365333231393337636133613861633332613132663362
34633338313561636165353639386463633133393936333638653832393837353532376362326363
35393930383561656466613062313235626533313037313932343531633665326365343837306438
33303135356531303762353666653261616139346533353764643064626564396332643739363032
37646366303930633039343535663030396366343532343563363735396664646330386234323536
33643635366237323732323635396561373032623039346162346631383335386332653364333939
37386165313030323330313036333164343731313739626562323961636633336532623063353965
31333662376361346134313130666232643262366134343631393834333235353531346362666234
32366632366230613630373434663632316362626563366662313062353761653466666262616366
62636135346563633166613639396433653231313831636263613939346161393338346366306664
38323633636131303966366466623335333430386366313861636332343639323937323566366463
36313330383337653531643133653264663138643364353833626339613830396130346165336332
65323036343763343761623334366538363037653462326533656165616132316439633039636463
61313930376433663835363838303332316138303937363538666261653366333538343938646231
30366633373666333465656434653064353131616263626361646634363233383433633738643765
31383562633935343564633662353339303831626264383838626463313865316262646233376432
39633737343835636633363564323533323565336332383535333665326636656639333133626665
61353030663136366462656532313966666135303331386431303666393162626430613435353430
61303462626236656238346230376663323634313665393361326139663032326533363235343064
31323730303531633636313266653263363532323239303763303062363931386635613733623865
36303038393764613463313130313931393638373139386562393038656565656135643435656630
31613538613335656433316634613366623733363366363163663062363433333861343038666666
62353063396132303739623632643963616532646230396332653435383639613531376263663662
66616164386639646437376266646630656531386331636261386231646661623465663566326463
34393462626564626661346564303737663961363631386632373139333964376532323037313937
65366666316262383936626336623335376436663764663362636665333638326436383930343463
64386661383465313836303663646434313131353535343039383931663261326561333139663031
35336232373839616166633536323761643063316137303332383631326539643639623664326664
30653731323838616461373638633936636333623138656430386432303563336334363633333233
30386631353533323836633161333737613530646630343632383062366532633365386136643333
66383038326465373638393534316339313630616432346166393232653164383361386661316636
30636339386138333138636463336438383966373532373536623638643735383631323763666330
63313530623763376432626535313462643434326535366237333236386538623838653364663239
32633462386663616333386338383061616238313539633633386238633862346364613464323661
64343936313434316133333637306531313537643139323166646166326261633062323331643365
66613534613164333339386433343037346261343631633630303965333135333239633933303864
30643664616163633664313038336237623535623836633562376134336563333936363833633237
37393435663838353532616339636362656632633963306364663935353364303766353334306638
65653438646333623838393135386639343132623631313531333663643632306165643639383334
63326166346166333863613230373434356331363738643861353261396439653863376262663539
65366133393733313334383335616537646265663663613530323865313066346661653437373432
61386635313435336431366165336263633962346462616662333862343331663566636231633661
64396166643334613262636663303033393832333864393463623164333730393066626365353564
63643432323364623665336537373965353836663239336338623638306139646166343962396362
62633332366166376565393665636130376639373565363961616332653135636564633634353133
63393736376334313361646535623230663537643061316536323462323031363064393235313565
66333061623732363034643365643462366438383734366536303831353535363034623632386565
32343136646338363464633130356533353937343536376564626138653137373438336661643135
65623432653238613737343230346538393361613831323264633734626439353563653465663564
3837
